Candidates_of_the_same_steps, Hellinger Distance, Probabilities 
[[968, 34], [931, 71], [994, 8], [932, 70], [915, 87], [995, 7], [978, 24], [961, 41], [941, 61], [933, 69], [916, 86], [924, 78], [992, 10], [977, 25], [996, 6], [979, 23], [962, 40], [973, 29], [934, 68], [917, 85], [997, 5], [980, 22], [935, 67], [918, 84], [998, 4], [981, 21], [946, 56], [964, 38], [947, 55], [936, 66], [970, 32], [999, 3], [982, 20], [965, 37], [948, 54], [986, 16], [971, 31], [937, 65], [963, 39], [920, 82], [960, 42], [1000, 2], [983, 19], [966, 36], [949, 53], [938, 64], [921, 81], [925, 77], [1001, 1], [984, 18], [967, 35], [950, 52], [974, 28], [939, 63], [922, 80], [985, 17], [940, 62], [969, 33], [952, 50], [929, 73], [65, 937], [66, 936], [67, 935], [68, 934], [993, 9], [69, 933], [70, 932], [72, 930], [82, 920], [83, 919], [953, 49], [86, 916], [87, 915], [988, 14], [942, 60], [991, 11], [976, 26], [1, 1001], [943, 59], [919, 83], [926, 76], [951, 51], [989, 13], [959, 43], [955, 47], [975, 27], [944, 58], [927, 75], [954, 48], [958, 44], [71, 931], [990, 12], [956, 46], [987, 15], [972, 30], [957, 45], [73, 929], [945, 57], [928, 74], [923, 79], [74, 928], [2, 1000], [3, 999], [4, 998], [75, 927], [5, 997], [6, 996], [7, 995], [8, 994], [9, 993], [10, 992], [76, 926], [11, 991], [12, 990], [13, 989], [14, 988], [15, 987], [16, 986], [77, 925], [17, 985], [18, 984], [19, 983], [20, 982], [21, 981], [22, 980], [78, 924], [23, 979], [930, 72], [24, 978], [25, 977], [26, 976], [27, 975], [28, 974], [79, 923], [29, 973], [30, 972], [31, 971], [32, 970], [33, 969], [34, 968], [80, 922], [35, 967], [36, 966], [37, 965], [38, 964], [39, 963], [40, 962], [81, 921], [41, 961], [42, 960], [43, 959], [44, 958], [45, 957], [46, 956], [47, 955], [48, 954], [49, 953], [50, 952], [51, 951], [52, 950], [53, 949], [54, 948], [55, 947], [56, 946], [57, 945], [58, 944], [84, 918], [59, 943], [60, 942], [61, 941], [62, 940], [63, 939], [64, 938], [85, 917]]&1.0&1.2278368682e-24
[[90, 912], [909, 93], [912, 90], [96, 906], [97, 905], [907, 95], [914, 88], [905, 97], [910, 92], [906, 96], [908, 94], [88, 914], [89, 913], [91, 911], [92, 910], [93, 909], [94, 908], [95, 907], [913, 89], [911, 91]]&0.9999999&1.41131130646e-25
[[98, 904], [101, 901], [102, 900], [900, 102], [901, 101], [902, 100], [903, 99], [904, 98], [99, 903], [100, 902]]&0.9999998&7.05659743417e-26
[[899, 103], [103, 899], [104, 898], [105, 897], [106, 896], [897, 105], [898, 104], [896, 106]]&0.9999997&5.64531007215e-26
[[109, 893], [895, 107], [107, 895], [108, 894], [893, 109], [894, 108]]&0.9999996&4.23401135453e-26
[[891, 111], [110, 892], [111, 891], [892, 110]]&0.9999995&2.82269376243e-26
[[113, 889], [889, 113], [890, 112], [112, 890]]&0.9999994&2.82270987713e-26
[[114, 888], [888, 114]]&0.9999993&1.41136448396e-26
[[886, 116], [887, 115], [115, 887], [116, 886]]&0.9999992&2.82273978326e-26
[[885, 117], [117, 885]]&0.9999991&1.41138215112e-26
[[884, 118], [118, 884]]&0.999999&1.41138908035e-26
[[119, 883], [883, 119]]&0.9999989&1.41139659885e-26
[[120, 882], [882, 120]]&0.9999988&1.41140475262e-26
[[121, 881], [881, 121]]&0.9999987&1.41141359091e-26
[[122, 880], [880, 122]]&0.9999986&1.41142316643e-26
[[123, 879], [879, 123]]&0.9999985&1.41143353558e-26
[[124, 878], [878, 124]]&0.9999983&1.41144475867e-26
[[125, 877], [877, 125]]&0.9999982&1.41145690016e-26
[[876, 126], [126, 876]]&0.999998&1.41147002892e-26
[[875, 127], [127, 875]]&0.9999979&1.41148421848e-26
[[874, 128], [128, 874]]&0.9999977&1.41149954734e-26
[[873, 129], [129, 873]]&0.9999975&1.41151609925e-26
[[872, 130], [130, 872]]&0.9999973&1.41153396353e-26
[[131, 871], [871, 131]]&0.999997&1.41155323539e-26
[[870, 132], [132, 870]]&0.9999968&1.41157401627e-26
[[869, 133], [133, 869]]&0.9999965&1.41159641422e-26
[[868, 134], [134, 868]]&0.9999962&1.41162054427e-26
[[867, 135], [135, 867]]&0.9999959&1.41164652883e-26
[[866, 136], [136, 866]]&0.9999956&1.41167449812e-26
[[137, 865], [865, 137]]&0.9999952&1.41170459057e-26
[[138, 864], [864, 138]]&0.9999948&1.41173695334e-26
[[863, 139], [139, 863]]&0.9999944&1.41177174275e-26
[[140, 862], [862, 140]]&0.9999939&1.41180912481e-26
[[861, 141], [141, 861]]&0.9999935&1.41184927575e-26
[[142, 860], [860, 142]]&0.9999929&1.41189238256e-26
[[859, 143], [143, 859]]&0.9999924&1.41193864358e-26
[[858, 144], [144, 858]]&0.9999918&1.41198826911e-26
[[857, 145], [145, 857]]&0.9999911&1.41204148201e-26
[[856, 146], [146, 856]]&0.9999905&1.41209851842e-26
[[855, 147], [147, 855]]&0.9999897&1.41215962839e-26
[[854, 148], [148, 854]]&0.9999889&1.41222507663e-26
[[149, 853], [853, 149]]&0.9999881&1.41229514328e-26
[[150, 852], [852, 150]]&0.9999872&1.41237012466e-26
[[151, 851], [851, 151]]&0.9999862&1.41245033411e-26
[[152, 850], [850, 152]]&0.9999852&1.41253610283e-26
[[849, 153], [153, 849]]&0.9999841&1.4126277808e-26
[[154, 848], [848, 154]]&0.9999829&1.41272573767e-26
[[155, 847], [847, 155]]&0.9999817&1.41283036377e-26
[[156, 846], [846, 156]]&0.9999803&1.41294207106e-26
[[157, 845], [845, 157]]&0.9999789&1.41306129425e-26
[[158, 844], [844, 158]]&0.9999773&1.41318849183e-26
[[843, 159], [159, 843]]&0.9999757&1.41332414723e-26
[[842, 160], [160, 842]]&0.999974&1.41346877e-26
[[841, 161], [161, 841]]&0.9999721&1.41362289706e-26
[[162, 840], [840, 162]]&0.9999701&1.41378709394e-26
[[163, 839], [839, 163]]&0.999968&1.41396195613e-26
[[838, 164], [164, 838]]&0.9999658&1.41414811046e-26
[[837, 165], [165, 837]]&0.9999634&1.41434621653e-26
[[836, 166], [166, 836]]&0.9999609&1.4145569682e-26
[[835, 167], [167, 835]]&0.9999582&1.41478109516e-26
[[834, 168], [168, 834]]&0.9999553&1.41501936449e-26
[[169, 833], [833, 169]]&0.9999523&1.41527258239e-26
[[170, 832], [832, 170]]&0.9999491&1.41554159585e-26
[[171, 831], [831, 171]]&0.9999456&1.41582729452e-26
[[172, 830], [830, 172]]&0.999942&1.41613061252e-26
[[173, 829], [829, 173]]&0.9999381&1.4164525304e-26
[[174, 828], [828, 174]]&0.999934&1.41679407717e-26
[[175, 827], [827, 175]]&0.9999297&1.41715633236e-26
[[826, 176], [176, 826]]&0.9999251&1.4175404282e-26
[[825, 177], [177, 825]]&0.9999202&1.41794755189e-26
[[824, 178], [178, 824]]&0.999915&1.41837894791e-26
[[179, 823], [823, 179]]&0.9999095&1.41883592044e-26
[[822, 180], [180, 822]]&0.9999037&1.4193198359e-26
[[821, 181], [181, 821]]&0.9998976&1.41983212553e-26
[[820, 182], [182, 820]]&0.9998911&1.42037428815e-26
[[819, 183], [183, 819]]&0.9998842&1.42094789292e-26
[[818, 184], [184, 818]]&0.999877&1.42155458228e-26
[[817, 185], [185, 817]]&0.9998693&1.42219607501e-26
[[816, 186], [186, 816]]&0.9998612&1.42287416934e-26
[[815, 187], [187, 815]]&0.9998526&1.42359074628e-26
[[814, 188], [188, 814]]&0.9998436&1.42434777296e-26
[[189, 813], [813, 189]]&0.9998341&1.42514730623e-26
[[190, 812], [812, 190]]&0.999824&1.42599149627e-26
[[191, 811], [811, 191]]&0.9998134&1.42688259051e-26
[[192, 810], [810, 192]]&0.9998022&1.42782293753e-26
[[193, 809], [809, 193]]&0.9997903&1.42881499123e-26
[[194, 808], [808, 194]]&0.9997779&1.42986131519e-26
[[195, 807], [807, 195]]&0.9997648&1.4309645871e-26
[[196, 806], [806, 196]]&0.999751&1.43212760348e-26
[[805, 197], [197, 805]]&0.9997364&1.4333532846e-26
[[804, 198], [198, 804]]&0.9997211&1.43464467951e-26
[[803, 199], [199, 803]]&0.999705&1.43600497142e-26
[[200, 802], [802, 200]]&0.999688&1.43743748323e-26
[[801, 201], [201, 801]]&0.9996702&1.43894568338e-26
[[800, 202], [202, 800]]&0.9996515&1.44053319184e-26
[[799, 203], [203, 799]]&0.9996317&1.44220378656e-26
[[798, 204], [204, 798]]&0.999611&1.44396141006e-26
[[205, 797], [797, 205]]&0.9995893&1.44581017642e-26
[[206, 796], [796, 206]]&0.9995664&1.44775437856e-26
[[207, 795], [795, 207]]&0.9995424&1.44979849594e-26
[[208, 794], [794, 208]]&0.9995173&1.45194720258e-26
[[209, 793], [793, 209]]&0.9994908&1.45420537546e-26
[[210, 792], [792, 210]]&0.9994631&1.45657810346e-26
[[211, 791], [791, 211]]&0.999434&1.45907069665e-26
[[212, 790], [790, 212]]&0.9994036&1.46168869612e-26
[[213, 789], [789, 213]]&0.9993716&1.46443788432e-26
[[788, 214], [214, 788]]&0.9993381&1.46732429596e-26
[[787, 215], [215, 787]]&0.999303&1.4703542295e-26
[[216, 786], [786, 216]]&0.9992663&1.47353425929e-26
[[785, 217], [217, 785]]&0.9992278&1.47687124838e-26
[[784, 218], [218, 784]]&0.9991876&1.48037236202e-26
[[783, 219], [219, 783]]&0.9991454&1.48404508206e-26
[[220, 782], [782, 220]]&0.9991014&1.48789722203e-26
[[781, 221], [221, 781]]&0.9990553&1.49193694322e-26
[[780, 222], [222, 780]]&0.999007&1.4961727717e-26
[[223, 779], [779, 223]]&0.9989566&1.50061361634e-26
[[224, 778], [778, 224]]&0.998904&1.50526878796e-26
[[225, 777], [777, 225]]&0.998849&1.51014801966e-26
[[226, 776], [776, 226]]&0.9987915&1.51526148842e-26
[[227, 775], [775, 227]]&0.9987314&1.52061983808e-26
[[774, 228], [228, 774]]&0.9986688&1.52623420377e-26
[[229, 773], [773, 229]]&0.9986034&1.53211623794e-26
[[230, 772], [772, 230]]&0.9985351&1.53827813809e-26
[[771, 231], [231, 771]]&0.9984639&1.54473267632e-26
[[770, 232], [232, 770]]&0.9983897&1.55149323084e-26
[[769, 233], [233, 769]]&0.9983122&1.55857381967e-26
[[234, 768], [768, 234]]&0.9982315&1.56598913654e-26
[[235, 767], [767, 235]]&0.9981474&1.5737545893e-26
[[766, 236], [236, 766]]&0.9980598&1.58188634101e-26
[[765, 237], [237, 765]]&0.9979685&1.59040135388e-26
[[764, 238], [238, 764]]&0.9978734&1.59931743631e-26
[[763, 239], [239, 763]]&0.9977745&1.60865329326e-26
[[240, 762], [762, 240]]&0.9976714&1.61842858033e-26
[[241, 761], [761, 241]]&0.9975642&1.62866396161e-26
[[242, 760], [760, 242]]&0.9974527&1.63938117189e-26
[[243, 759], [759, 243]]&0.9973367&1.65060308339e-26
[[244, 758], [758, 244]]&0.9972161&1.66235377746e-26
[[245, 757], [757, 245]]&0.9970907&1.67465862167e-26
[[246, 756], [756, 246]]&0.9969603&1.68754435272e-26
[[247, 755], [755, 247]]&0.9968249&1.70103916567e-26
[[248, 754], [754, 248]]&0.9966842&1.71517281001e-26
[[753, 249], [249, 753]]&0.9965381&1.72997669324e-26
[[250, 752], [752, 250]]&0.9963863&1.74548399246e-26
[[251, 751], [751, 251]]&0.9962288&1.76172977484e-26
[[252, 750], [750, 252]]&0.9960653&1.7787511276e-26
[[253, 749], [749, 253]]&0.9958956&1.79658729849e-26
[[254, 748], [748, 254]]&0.9957196&1.81527984751e-26
[[255, 747], [747, 255]]&0.9955371&1.83487281113e-26
[[256, 746], [746, 256]]&0.9953478&1.85541287989e-26
[[257, 745], [745, 257]]&0.9951515&1.87694959088e-26
[[258, 744], [744, 258]]&0.9949481&1.89953553614e-26
[[259, 743], [743, 259]]&0.9947374&1.92322658879e-26
[[260, 742], [742, 260]]&0.994519&1.94808214833e-26
[[261, 741], [741, 261]]&0.9942928&1.97416540705e-26
[[262, 740], [740, 262]]&0.9940586&2.00154363948e-26
[[263, 739], [739, 263]]&0.9938162&2.03028851711e-26
[[264, 738], [738, 264]]&0.9935652&2.06047645096e-26
[[265, 737], [737, 265]]&0.9933055&2.09218896452e-26
[[266, 736], [736, 266]]&0.9930368&2.12551310024e-26
[[267, 735], [735, 267]]&0.9927588&2.16054186282e-26
[[268, 734], [734, 268]]&0.9924714&2.19737470301e-26
[[269, 733], [733, 269]]&0.9921742&2.23611804614e-26
[[270, 732], [732, 270]]&0.991867&2.27688586976e-26
[[271, 731], [731, 271]]&0.9915495&2.31980033573e-26
[[272, 730], [730, 272]]&0.9912214&2.36499248214e-26
[[273, 729], [729, 273]]&0.9908825&2.41260298168e-26
[[274, 728], [728, 274]]&0.9905324&2.4627829733e-26
[[275, 727], [727, 275]]&0.9901709&2.51569497505e-26
[[726, 276], [276, 726]]&0.9897978&2.57151388703e-26
[[277, 725], [725, 277]]&0.9894126&2.63042809417e-26
[[278, 724], [724, 278]]&0.9890151&2.69264067991e-26
[[279, 723], [723, 279]]&0.988605&2.75837076307e-26
[[280, 722], [722, 280]]&0.988182&2.82785497196e-26
[[281, 721], [721, 281]]&0.9877457&2.90134907102e-26
[[282, 720], [720, 282]]&0.9872958&2.97912975778e-26
[[283, 719], [719, 283]]&0.9868321&3.06149664963e-26
[[718, 284], [284, 718]]&0.9863541&3.14877448272e-26
[[285, 717], [717, 285]]&0.9858615&3.241315548e-26
[[286, 716], [716, 286]]&0.9853541&3.33950239256e-26
[[715, 287], [287, 715]]&0.9848314&3.4437508184e-26
[[288, 714], [714, 288]]&0.9842931&3.55451321461e-26
[[289, 713], [713, 289]]&0.9837388&3.67228226393e-26
[[712, 290], [290, 712]]&0.9831683&3.79759507015e-26
[[711, 291], [291, 711]]&0.982581&3.93103775891e-26
[[710, 292], [292, 710]]&0.9819767&4.07325061198e-26
[[709, 293], [293, 709]]&0.981355&4.22493380281e-26
[[708, 294], [294, 708]]&0.9807155&4.38685381134e-26
[[707, 295], [295, 707]]&0.9800578&4.55985060612e-26
[[706, 296], [296, 706]]&0.9793815&4.74484569513e-26
[[705, 297], [297, 705]]&0.9786864&4.9428511605e-26
[[704, 298], [298, 704]]&0.9779718&5.1549798095e-26
[[703, 299], [299, 703]]&0.9772375&5.38245659305e-26
[[702, 300], [300, 702]]&0.9764831&5.62663146573e-26
[[701, 301], [301, 701]]&0.9757082&5.8889938867e-26
[[700, 302], [302, 700]]&0.9749123&6.17118919131e-26
[[699, 303], [303, 699]]&0.974095&6.47503709769e-26
[[304, 698], [698, 304]]&0.9732559&6.80255265356e-26
[[697, 305], [305, 697]]&0.9723947&7.15596997504e-26
[[696, 306], [306, 696]]&0.9715108&7.53776918518e-26
[[695, 307], [307, 695]]&0.9706039&7.95070702324e-26
[[694, 308], [308, 694]]&0.9696735&8.39785167184e-26
[[309, 693], [693, 309]]&0.9687192&8.88262243645e-26
[[310, 692], [692, 310]]&0.9677406&9.40883501545e-26
[[311, 691], [691, 311]]&0.9667371&9.98075321982e-26
[[312, 690], [690, 312]]&0.9657085&1.06031481447e-25
[[313, 689], [689, 313]]&0.9646542&1.12813659625e-25
[[688, 314], [314, 688]]&0.9635738&1.20214057057e-25
[[687, 315], [315, 687]]&0.9624669&1.28300086419e-25
[[686, 316], [316, 686]]&0.9613329&1.37147611197e-25
[[317, 685], [685, 317]]&0.9601715&1.46842130932e-25
[[318, 684], [684, 318]]&0.9589822&1.57480149227e-25
[[319, 683], [683, 319]]&0.9577646&1.69170755092e-25
[[320, 682], [682, 320]]&0.9565181&1.82037453766e-25
[[321, 681], [681, 321]]&0.9552423&1.96220289669e-25
[[680, 322], [322, 680]]&0.9539368&2.11878312031e-25
[[679, 323], [323, 679]]&0.9526012&2.29192443095e-25
[[324, 678], [678, 324]]&0.9512348&2.48368820068e-25
[[325, 677], [677, 325]]&0.9498373&2.69642695467e-25
[[676, 326], [326, 676]]&0.9484083&2.93282996749e-25
[[327, 675], [675, 327]]&0.9469472&3.19597665638e-25
[[328, 674], [674, 328]]&0.9454536&3.48939921137e-25
[[329, 673], [673, 329]]&0.943927&3.81715618686e-25
[[330, 672], [672, 330]]&0.942367&4.18391912379e-25
[[331, 671], [671, 331]]&0.9407731&4.59507468961e-25
[[332, 670], [670, 332]]&0.9391448&5.05684533063e-25
[[333, 669], [669, 333]]&0.9374816&5.576432049e-25
[[334, 668], [668, 334]]&0.9357832&6.16218366954e-25
[[335, 667], [667, 335]]&0.934049&6.82379788083e-25
[[336, 666], [666, 336]]&0.9322786&7.57256046021e-25
[[337, 665], [665, 337]]&0.9304715&8.42163047081e-25
[[338, 664], [664, 338]]&0.9286273&9.3863809124e-25
[[663, 339], [339, 663]]&0.9267455&1.04848063908e-24
[[340, 662], [662, 340]]&0.9248256&1.17380119392e-24
[[341, 661], [661, 341]]&0.9228672&1.31708002968e-24
[[342, 660], [660, 342]]&0.9208699&1.48123788745e-24
[[659, 343], [343, 659]]&0.9188331&1.66972125061e-24
[[344, 658], [658, 344]]&0.9167565&1.88660541284e-24
[[345, 657], [657, 345]]&0.9146396&2.13671930619e-24
[[346, 656], [656, 346]]&0.912482&2.42579699527e-24
[[347, 655], [655, 347]]&0.9102831&2.760661917e-24
[[348, 654], [654, 348]]&0.9080427&3.14945141531e-24
[[349, 653], [653, 349]]&0.9057602&3.60189096457e-24
[[350, 652], [652, 350]]&0.9034352&4.12962979513e-24
[[351, 651], [651, 351]]&0.9010673&4.74665255836e-24
[[352, 650], [650, 352]]&0.8986561&5.4697853597e-24
[[353, 649], [649, 353]]&0.8962012&6.319319162e-24
[[354, 648], [648, 354]]&0.8937021&7.31977948692e-24
[[647, 355], [355, 647]]&0.8911584&8.50087887548e-24
[[646, 356], [356, 646]]&0.8885698&9.89869816409e-24
[[645, 357], [357, 645]]&0.8859358&1.15571548818e-23
[[358, 644], [644, 358]]&0.883256&1.35298327468e-23
[[359, 643], [643, 359]]&0.8805301&1.58822663366e-23
[[642, 360], [360, 642]]&0.8777577&1.86948008317e-23
[[361, 641], [641, 361]]&0.8749384&2.20661799979e-23
[[362, 640], [640, 362]]&0.8720718&2.61180585155e-23
[[363, 639], [639, 363]]&0.8691576&3.10006903267e-23
[[364, 638], [638, 364]]&0.8661953&3.69001167311e-23
[[365, 637], [637, 365]]&0.8631847&4.40472716269e-23
[[366, 636], [636, 366]]&0.8601254&5.27295433287e-23
[[367, 635], [635, 367]]&0.8570171&6.3305491763e-23
[[368, 634], [634, 368]]&0.8538594&7.62236284625e-23
[[369, 633], [633, 369]]&0.850652&9.20464404913e-23
[[370, 632], [632, 370]]&0.8473946&1.11481199451e-22
[[631, 371], [371, 631]]&0.8440869&1.35419571315e-22
[[372, 630], [630, 372]]&0.8407286&1.64988670068e-22
[[629, 373], [373, 629]]&0.8373194&2.01617028985e-22
[[628, 374], [374, 628]]&0.8338589&2.47120066749e-22
[[627, 375], [375, 627]]&0.830347&3.03811094335e-22
[[626, 376], [376, 626]]&0.8267833&3.74645868518e-22
[[625, 377], [377, 625]]&0.8231676&4.63411319662e-22
[[624, 378], [378, 624]]&0.8194996&5.74972597322e-22
[[623, 379], [379, 623]]&0.8157792&7.15597303712e-22
[[622, 380], [380, 622]]&0.812006&8.93382154949e-22
[[621, 381], [381, 621]]&0.8081798&1.11881591599e-21
[[620, 382], [382, 620]]&0.8043005&1.40552411144e-21
[[619, 383], [383, 619]]&0.8003677&1.77125684192e-21
[[618, 384], [384, 618]]&0.7963814&2.23920258114e-21
[[617, 385], [385, 617]]&0.7923413&2.83974023239e-21
[[616, 386], [386, 616]]&0.7882472&3.61278195244e-21
[[615, 387], [387, 615]]&0.7840991&4.61091443222e-21
[[614, 388], [388, 614]]&0.7798966&5.90362220686e-21
[[613, 389], [389, 613]]&0.7756398&7.582981186e-21
[[612, 390], [390, 612]]&0.7713283&9.7713552012e-21
[[611, 391], [391, 611]]&0.7669622&1.26318287544e-20
[[610, 392], [392, 610]]&0.7625413&1.63823875557e-20
[[609, 393], [393, 609]]&0.7580655&2.13152462277e-20
[[608, 394], [394, 608]]&0.7535347&2.78232640946e-20
[[607, 395], [395, 607]]&0.7489489&3.64361481906e-20
[[606, 396], [396, 606]]&0.7443078&4.78702069267e-20
[[605, 397], [397, 605]]&0.7396116&6.30969157046e-20
[[604, 398], [398, 604]]&0.7348601&8.3437669196e-20
[[603, 399], [399, 603]]&0.7300534&1.10695084708e-19
[[602, 400], [400, 602]]&0.7251913&1.47335461329e-19
[[601, 401], [401, 601]]&0.7202739&1.9674302899e-19
[[600, 402], [402, 600]]&0.7153011&2.63575217333e-19
[[599, 403], [403, 599]]&0.710273&3.54260460237e-19
[[598, 404], [404, 598]]&0.7051897&4.776976576e-19
[[597, 405], [405, 597]]&0.7000511&6.46241709997e-19
[[596, 406], [406, 596]]&0.6948572&8.7709597483e-19
[[595, 407], [407, 595]]&0.6896082&1.19428510537e-18
[[594, 408], [408, 594]]&0.6843041&1.63145790569e-18
[[593, 409], [409, 593]]&0.678945&2.2358803982e-18
[[592, 410], [410, 592]]&0.673531&3.07414019155e-18
[[591, 411], [411, 591]]&0.6680622&4.24031796288e-18
[[590, 412], [412, 590]]&0.6625387&5.86772517986e-18
[[589, 413], [413, 589]]&0.6569607&8.14581058999e-18
[[588, 414], [414, 588]]&0.6513282&1.13445780102e-17
[[587, 415], [415, 587]]&0.6456416&1.58499484955e-17
[[586, 416], [416, 586]]&0.6399008&2.22151111294e-17
[[585, 417], [417, 585]]&0.6341061&3.12352929284e-17
[[584, 418], [418, 584]]&0.6282578&4.40569213217e-17
[[583, 419], [419, 583]]&0.6223559&6.23374260655e-17
[[582, 420], [420, 582]]&0.6164008&8.84797957062e-17
[[581, 421], [421, 581]]&0.6103926&1.25977772332e-16
[[422, 580], [580, 422]]&0.6043317&1.79925213553e-16
[[423, 579], [579, 423]]&0.5982182&2.57769670683e-16
[[578, 424], [424, 578]]&0.5920525&3.70430186295e-16
[[577, 425], [425, 577]]&0.5858348&5.33959651188e-16
[[576, 426], [426, 576]]&0.5795654&7.72023394376e-16
[[575, 427], [427, 575]]&0.5732446&1.11960425812e-15
[[574, 428], [428, 574]]&0.5668728&1.6285551618e-15
[[573, 429], [429, 573]]&0.5604502&2.37594141311e-15
[[572, 430], [430, 572]]&0.5539773&3.47660584351e-15
[[571, 431], [431, 571]]&0.5474544&5.10214142965e-15
[[570, 432], [432, 570]]&0.5408819&7.50960954204e-15
[[569, 433], [433, 569]]&0.53426&1.10851161887e-14
[[434, 568], [568, 434]]&0.5275894&1.64100936664e-14
[[435, 567], [567, 435]]&0.5208702&2.436236042e-14
[[436, 566], [566, 436]]&0.5141031&3.62705738285e-14
[[437, 565], [565, 437]]&0.5072883&5.41508407131e-14
[[438, 564], [564, 438]]&0.5004264&8.10700318673e-14
[[439, 563], [563, 439]]&0.4935178&1.2170493535e-13
[[562, 440], [440, 562]]&0.4865629&1.83204772181e-13
[[561, 441], [441, 561]]&0.4795623&2.76524654714e-13
[[560, 442], [442, 560]]&0.4725165&4.18491710013e-13
[[443, 559], [559, 443]]&0.4654259&6.35013454806e-13
[[444, 558], [558, 444]]&0.458291&9.66070702411e-13
[[557, 445], [445, 557]]&0.4511125&1.47350417318e-12
[[446, 556], [556, 446]]&0.4438907&2.25318355051e-12
[[447, 555], [555, 447]]&0.4366263&3.45406495507e-12
[[448, 554], [554, 448]]&0.4293199&5.30809706422e-12
[[449, 553], [553, 449]]&0.421972&8.17724592057e-12
[[450, 552], [552, 450]]&0.4145831&1.26275836272e-11
[[451, 551], [551, 451]]&0.4071539&1.95462437315e-11
[[550, 452], [452, 550]]&0.399685&3.03263979023e-11
[[549, 453], [453, 549]]&0.392177&4.71603635405e-11
[[454, 548], [548, 454]]&0.3846305&7.35049060361e-11
[[547, 455], [455, 547]]&0.3770462&1.14821228162e-10
[[546, 456], [456, 546]]&0.3694247&1.79753884203e-10
[[545, 457], [457, 545]]&0.3617666&2.82012213908e-10
[[544, 458], [458, 544]]&0.3540726&4.43378007525e-10
[[543, 459], [459, 543]]&0.3463434&6.9852151064e-10
[[460, 542], [542, 460]]&0.3385797&1.10272546178e-09
[[461, 541], [541, 461]]&0.3307821&1.74429260239e-09
[[540, 462], [462, 540]]&0.3229514&2.76450704208e-09
[[463, 539], [539, 463]]&0.3150883&4.38979629342e-09
[[464, 538], [538, 464]]&0.3071934&6.98362639279e-09
[[465, 537], [537, 465]]&0.2992676&1.1130355388e-08
[[536, 466], [466, 536]]&0.2913115&1.77709111884e-08
[[467, 535], [535, 467]]&0.2833259&2.84226136817e-08
[[468, 534], [534, 468]]&0.2753115&4.55357815317e-08
[[533, 469], [469, 533]]&0.2672692&7.30729536278e-08
[[470, 532], [532, 470]]&0.2591996&1.1745081594e-07
[[531, 471], [471, 531]]&0.2511035&1.89073715851e-07
[[530, 472], [472, 530]]&0.2429818&3.04833069011e-07
[[529, 473], [473, 529]]&0.2348352&4.92185335835e-07
[[528, 474], [474, 528]]&0.2266645&7.95812280313e-07
[[527, 475], [475, 527]]&0.2184705&1.28850916544e-06
[[526, 476], [476, 526]]&0.210254&2.08900110429e-06
[[477, 525], [525, 477]]&0.2020158&3.39112130095e-06
[[478, 524], [524, 478]]&0.1937568&5.51163618779e-06
[[523, 479], [479, 523]]&0.1854778&8.96869475607e-06
[[480, 522], [522, 480]]&0.1771796&1.46106052017e-05
[[481, 521], [521, 481]]&0.168863&2.38273681771e-05
[[482, 520], [520, 482]]&0.1605289&3.8898367039e-05
[[519, 483], [483, 519]]&0.1521781&6.35641850629e-05
[[484, 518], [518, 484]]&0.1438115&0.000103967522159
[[485, 517], [517, 485]]&0.1354299&0.000170202199198
[[516, 486], [486, 516]]&0.1270342&0.000278864329947
[[515, 487], [487, 515]]&0.1186253&0.00045725562171
[[488, 514], [514, 488]]&0.110204&0.000750310974357
[[513, 489], [489, 513]]&0.1017712&0.00123201922385
[[490, 512], [512, 490]]&0.0933277&0.00202425542875
[[511, 491], [491, 511]]&0.0848745&0.00332783979308
[[510, 492], [492, 510]]&0.0764124&0.0054737673726
[[509, 493], [493, 509]]&0.0679424&0.00900771395453
[[494, 508], [508, 494]]&0.0594652&0.0148294348306
[[507, 495], [495, 507]]&0.0509817&0.0244227051352
[[506, 496], [496, 506]]&0.0424929&0.0402345761714
[[497, 505], [505, 497]]&0.0339997&0.0663008203331
[[498, 504], [504, 498]]&0.0255029&0.10927717415
[[499, 503], [503, 499]]&0.0170034&0.180139247315
[[500, 502], [502, 500]]&0.0085022&0.296983826257
[[501, 501]]&0.0&0.244821775702
