Candidates_of_the_same_steps&Hellinger Distance&Probabilities 
[[3, 4, 5], [3, 5, 4], [4, 3, 5], [4, 5, 3], [5, 3, 4], [5, 4, 3]]&0.169744458606&0.162410391805
[[2, 5, 5], [5, 2, 5], [5, 5, 2]]&0.318088913489&0.0617640528779
[[2, 4, 6], [2, 6, 4], [4, 2, 6], [4, 6, 2], [6, 2, 4], [6, 4, 2]]&0.344692553147&0.117612082558
[[3, 3, 6], [3, 6, 3], [6, 3, 3]]&0.274407113175&0.0669471374063
[[2, 3, 7], [2, 7, 3], [3, 2, 7], [3, 7, 2], [7, 2, 3], [7, 3, 2]]&0.415890347931&0.103136153028
[[1, 4, 7], [1, 7, 4], [4, 1, 7], [4, 7, 1], [7, 1, 4], [7, 4, 1]]&0.535270690155&0.082749972923
[[2, 2, 8], [2, 8, 2], [8, 2, 2]]&0.518029981071&0.0427120559113
[[1, 1, 10], [1, 10, 1], [10, 1, 1]]&0.736144764248&0.0285630818889
[[1, 3, 8], [1, 8, 3], [3, 1, 8], [3, 8, 1], [8, 1, 3], [8, 3, 1]]&0.581067464977&0.0760461437552
[[4, 4, 4]]&0.0&0.0370216251367
[[1, 2, 9], [1, 9, 2], [2, 1, 9], [2, 9, 1], [9, 1, 2], [9, 2, 1]]&0.647344170215&0.06729437707
[[1, 5, 6], [1, 6, 5], [5, 1, 6], [5, 6, 1], [6, 1, 5], [6, 5, 1]]&0.511567829798&0.0864485485693
[[1, 2, 9], [1, 9, 2], [2, 1, 9], [2, 9, 1], [9, 1, 2], [9, 2, 1]]&0.647344170215&0.06729437707
