Candidates_of_the_same_steps, Hellinger Distance, Probabilities 
[[3, 4, 5], [3, 5, 4], [4, 3, 5], [4, 5, 3], [5, 3, 4], [5, 4, 3]]&0.169744458606&0.171310998391
[[2, 5, 5], [5, 2, 5], [5, 5, 2]]&0.318088913489&0.0427158030834
[[2, 4, 6], [2, 6, 4], [4, 2, 6], [4, 6, 2], [6, 2, 4], [6, 4, 2]]&0.344692553147&0.0927004669642
[[3, 3, 6], [3, 6, 3], [6, 3, 3]]&0.274407113175&0.0671817324921
[[2, 3, 7], [2, 7, 3], [3, 2, 7], [3, 7, 2], [7, 2, 3], [7, 3, 2]]&0.415890347931&0.074699442087
[[1, 4, 7], [1, 7, 4], [4, 1, 7], [4, 7, 1], [7, 1, 4], [7, 4, 1]]&0.535270690155&0.0521036208604
[[2, 2, 8], [2, 8, 2], [8, 2, 2]]&0.518029981071&0.020592723683
[[1, 1, 10], [1, 10, 1], [10, 1, 1]]&0.736144764248&0.00665588499484
[[1, 3, 8], [1, 8, 3], [3, 1, 8], [3, 8, 1], [8, 1, 3], [8, 3, 1]]&0.581067464977&0.0428073494399
[[4, 4, 4]]&0.0&0.0387045304365
[[1, 2, 9], [1, 9, 2], [2, 1, 9], [2, 9, 1], [9, 1, 2], [9, 2, 1]]&0.647344170215&0.0234638174471
[[1, 5, 6], [1, 6, 5], [5, 1, 6], [5, 6, 1], [6, 1, 5], [6, 5, 1]]&0.511567829798&0.0450207694774
[[1, 2, 9], [1, 9, 2], [2, 1, 9], [2, 9, 1], [9, 1, 2], [9, 2, 1]]&0.647344170215&0.0234638174471
