Candidates_of_the_same_steps, Hellinger Distance, Probabilities 
[[11, 11, 11]]&0.0&0.0200886244713
[[10, 11, 12], [10, 12, 11], [11, 10, 12], [11, 12, 10], [12, 10, 11], [12, 11, 10]]&0.0824570849607&0.125037373612
[[10, 10, 13], [10, 13, 10], [13, 10, 10]]&0.139280306513&0.0679155545606
[[9, 12, 12], [12, 9, 12], [12, 12, 9]]&0.146059743915&0.0309415311041
[[9, 11, 13], [9, 13, 11], [11, 9, 13], [11, 13, 9], [13, 9, 11], [13, 11, 9]]&0.164724673053&0.0641963281315
[[9, 10, 14], [9, 14, 10], [10, 9, 14], [10, 14, 9], [14, 9, 10], [14, 10, 9]]&0.2109197472&0.0713955441838
[[8, 12, 13], [8, 13, 12], [12, 8, 13], [12, 13, 8], [13, 8, 12], [13, 12, 8]]&0.224196209199&0.0401513756162
[[8, 11, 14], [8, 14, 11], [11, 8, 14], [11, 14, 8], [14, 8, 11], [14, 11, 8]]&0.246614364402&0.0429965734059
[[9, 9, 15], [9, 15, 9], [15, 9, 9]]&0.270636865383&0.0179023458157
[[8, 10, 15], [8, 15, 10], [10, 8, 15], [10, 15, 8], [15, 8, 10], [15, 10, 8]]&0.286079800503&0.0490060400941
[[7, 13, 13], [13, 7, 13], [13, 13, 7]]&0.297595107133&0.0128838060337
[[7, 12, 14], [7, 14, 12], [12, 7, 14], [12, 14, 7], [14, 7, 12], [14, 12, 7]]&0.305479660259&0.0266186150425
[[7, 11, 15], [7, 15, 11], [11, 7, 15], [11, 15, 7], [15, 7, 11], [15, 11, 7]]&0.327941160275&0.0292670586207
[[8, 9, 16], [8, 16, 9], [9, 8, 16], [9, 16, 8], [16, 8, 9], [16, 9, 8]]&0.336393230476&0.0241138501474
[[7, 10, 16], [7, 16, 10], [10, 7, 16], [10, 16, 7], [16, 7, 10], [16, 10, 7]]&0.362123690412&0.0340099491585
[[6, 13, 14], [6, 14, 13], [13, 6, 14], [13, 14, 6], [14, 6, 13], [14, 13, 6]]&0.376384749267&0.016921968373
[[6, 12, 15], [6, 15, 12], [12, 6, 15], [12, 15, 6], [15, 6, 12], [15, 12, 6]]&0.38742332562&0.0179686581459
[[8, 8, 17], [8, 17, 8], [17, 8, 8]]&0.393086662744&0.00808695783647
[[7, 9, 17], [7, 17, 9], [9, 7, 17], [9, 17, 7], [17, 7, 9], [17, 9, 7]]&0.404840395621&0.0164869821719
[[6, 11, 16], [6, 16, 11], [11, 6, 16], [11, 16, 6], [16, 6, 11], [16, 11, 6]]&0.408528966546&0.0201794173929
[[6, 10, 17], [6, 17, 10], [10, 6, 17], [10, 17, 6], [17, 6, 10], [17, 10, 6]]&0.438104331594&0.0238021689146
[[5, 14, 14], [14, 5, 14], [14, 14, 5]]&0.453222974253&0.00551035359981
[[7, 8, 18], [7, 18, 8], [8, 7, 18], [8, 18, 7], [18, 7, 8], [18, 8, 7]]&0.453400036863&0.0110220924658
[[5, 13, 15], [5, 15, 13], [13, 5, 15], [13, 15, 5], [15, 5, 13], [15, 13, 5]]&0.457263672975&0.0113337736986
[[5, 12, 16], [5, 16, 12], [12, 5, 16], [12, 16, 5], [16, 5, 12], [16, 12, 5]]&0.46914865757&0.0123080816421
[[6, 9, 18], [6, 18, 9], [9, 6, 18], [9, 18, 6], [18, 6, 9], [18, 9, 6]]&0.47436726653&0.0114071481145
[[5, 11, 17], [5, 17, 11], [11, 5, 17], [11, 17, 5], [17, 5, 11], [17, 11, 5]]&0.488223667748&0.0140528935627
[[7, 7, 19], [7, 19, 7], [19, 7, 7]]&0.505795862831&0.00374569176564
[[5, 10, 18], [5, 18, 10], [10, 5, 18], [10, 18, 5], [18, 5, 10], [18, 10, 5]]&0.513558532642&0.0167638791871
[[6, 8, 19], [6, 19, 8], [8, 6, 19], [8, 19, 6], [19, 6, 8], [19, 8, 6]]&0.515663195245&0.00760655425996
[[4, 14, 15], [4, 15, 14], [14, 4, 15], [14, 15, 4], [15, 4, 14], [15, 14, 4]]&0.532948916315&0.00732965724475
[[4, 13, 16], [4, 16, 13], [13, 4, 16], [13, 16, 4], [16, 4, 13], [16, 13, 4]]&0.538794128659&0.00771471289349
[[5, 9, 19], [5, 19, 9], [9, 5, 19], [9, 19, 5], [19, 5, 9], [19, 9, 5]]&0.544108099743&0.00796498212175
[[4, 12, 17], [4, 17, 12], [12, 4, 17], [12, 17, 4], [17, 4, 12], [17, 12, 4]]&0.550258760559&0.00852800576984
[[6, 7, 20], [6, 20, 7], [7, 6, 20], [7, 20, 6], [20, 6, 7], [20, 7, 6]]&0.560600654399&0.00515921419302
[[4, 11, 18], [4, 18, 11], [11, 4, 18], [11, 18, 4], [18, 4, 11], [18, 11, 4]]&0.566925116359&0.00986074157515
[[5, 8, 20], [5, 20, 8], [8, 5, 20], [8, 20, 5], [20, 5, 8], [20, 8, 5]]&0.578840349632&0.0053008682499
[[4, 10, 19], [4, 19, 10], [10, 4, 19], [10, 19, 4], [19, 4, 10], [19, 10, 4]]&0.588239842776&0.0118623782813
[[6, 6, 21], [6, 21, 6], [21, 6, 6]]&0.608069190568&0.00177363623216
[[3, 15, 15], [15, 3, 15], [15, 15, 3]]&0.611987183971&0.00242281904157
[[4, 9, 20], [4, 20, 9], [9, 4, 20], [9, 20, 4], [20, 4, 9], [20, 9, 4]]&0.613576047951&0.00560006197876
[[3, 14, 16], [3, 16, 14], [14, 3, 16], [14, 16, 3], [16, 3, 14], [16, 14, 3]]&0.614098594592&0.00496080881182
[[5, 7, 21], [5, 21, 7], [7, 5, 21], [7, 21, 5], [21, 5, 7], [21, 7, 5]]&0.616813394887&0.00358964140762
[[3, 13, 17], [3, 17, 13], [13, 3, 17], [13, 17, 3], [17, 3, 13], [17, 13, 3]]&0.620375812863&0.00531923667361
[[3, 12, 18], [3, 18, 12], [12, 3, 18], [12, 18, 3], [18, 3, 12], [18, 12, 3]]&0.630653388469&0.0059611171079
[[4, 8, 21], [4, 21, 8], [8, 4, 21], [8, 21, 4], [21, 4, 8], [21, 8, 4]]&0.64228771102&0.00372149964912
[[3, 11, 19], [3, 19, 11], [11, 3, 19], [11, 19, 3], [19, 3, 11], [19, 11, 3]]&0.644672896478&0.00695843298444
[[5, 6, 22], [5, 22, 6], [6, 5, 22], [6, 22, 5], [22, 5, 6], [22, 6, 5]]&0.657209585515&0.00246499336266
[[3, 10, 20], [3, 20, 10], [10, 3, 20], [10, 20, 3], [20, 3, 10], [20, 10, 3]]&0.662104882605&0.00842302703125
[[4, 7, 22], [4, 22, 7], [7, 4, 22], [7, 22, 4], [22, 4, 7], [22, 7, 4]]&0.67374983176&0.00251710497794
[[3, 9, 21], [3, 21, 9], [9, 3, 21], [9, 21, 3], [21, 3, 9], [21, 9, 3]]&0.682573125136&0.00395763426459
[[2, 15, 16], [2, 16, 15], [15, 2, 16], [15, 16, 2], [16, 2, 15], [16, 15, 2]]&0.693415657342&0.00326345473963
[[2, 14, 17], [2, 17, 14], [14, 2, 17], [14, 17, 2], [17, 2, 14], [17, 14, 2]]&0.696347032492&0.0034051087965
[[5, 5, 23], [5, 23, 5], [23, 5, 5]]&0.699345469293&0.000855629720176
[[2, 13, 18], [2, 18, 13], [13, 2, 18], [13, 18, 2], [18, 2, 13], [18, 13, 2]]&0.70215449094&0.00370430252536
[[3, 8, 22], [3, 22, 8], [8, 3, 22], [8, 22, 3], [22, 3, 8], [22, 8, 3]]&0.705677641851&0.00262717219972
[[4, 6, 23], [4, 23, 6], [6, 4, 23], [6, 23, 4], [23, 4, 6], [23, 6, 4]]&0.707384604194&0.00172684610354
[[2, 12, 19], [2, 19, 12], [12, 2, 19], [12, 19, 2], [19, 2, 12], [19, 12, 2]]&0.71073074086&0.00419458862865
[[2, 11, 20], [2, 20, 11], [11, 2, 20], [11, 20, 2], [20, 2, 11], [20, 11, 2]]&0.721922585221&0.00493094962153
[[3, 7, 23], [3, 23, 7], [7, 3, 23], [7, 23, 3], [23, 3, 7], [23, 7, 3]]&0.731014369463&0.00177535403973
[[2, 10, 21], [2, 21, 10], [10, 2, 21], [10, 21, 2], [21, 2, 10], [21, 10, 2]]&0.735538979969&0.00599596377653
[[4, 5, 24], [4, 24, 5], [5, 4, 24], [5, 24, 4], [24, 4, 5], [24, 5, 4]]&0.742678826823&0.00119794048056
[[2, 9, 22], [2, 22, 9], [9, 2, 22], [9, 22, 2], [22, 2, 9], [22, 9, 2]]&0.751360093411&0.00280753837741
[[3, 6, 24], [3, 24, 6], [6, 3, 24], [6, 24, 3], [24, 3, 6], [24, 6, 3]]&0.758191321901&0.00121711127247
[[2, 8, 23], [2, 23, 8], [8, 2, 23], [8, 23, 2], [23, 2, 8], [23, 8, 2]]&0.769146532136&0.00186222311011
[[1, 16, 16], [16, 1, 16], [16, 16, 1]]&0.777849910958&0.00109445072932
[[1, 15, 17], [1, 17, 15], [15, 1, 17], [15, 17, 1], [17, 1, 15], [17, 15, 1]]&0.778794608628&0.00223127040195
[[4, 4, 25], [4, 25, 4], [25, 4, 4]]&0.77920250319&0.000419066916636
[[1, 14, 18], [1, 18, 14], [14, 1, 18], [14, 18, 1], [18, 1, 14], [18, 14, 1]]&0.781616072909&0.00236312864344
[[1, 13, 19], [1, 19, 13], [13, 1, 19], [13, 19, 1], [19, 1, 13], [19, 13, 1]]&0.786276840268&0.00259926325891
[[3, 5, 25], [3, 25, 5], [5, 3, 25], [5, 25, 3], [25, 3, 5], [25, 5, 3]]&0.786843241418&0.000843867846215
[[2, 7, 24], [2, 24, 7], [7, 2, 24], [7, 24, 2], [24, 2, 7], [24, 7, 2]]&0.788648261495&0.00125760274051
[[1, 12, 20], [1, 20, 12], [12, 1, 20], [12, 20, 1], [20, 1, 12], [20, 12, 1]]&0.792715842373&0.00296615526624
[[1, 11, 21], [1, 21, 11], [11, 1, 21], [11, 21, 1], [21, 1, 11], [21, 11, 1]]&0.800850338045&0.00350494930572
[[2, 6, 25], [2, 25, 6], [6, 2, 25], [6, 25, 2], [25, 2, 6], [25, 6, 2]]&0.809613374632&0.000861712918675
[[1, 10, 22], [1, 22, 10], [10, 1, 22], [10, 22, 1], [22, 1, 10], [22, 10, 1]]&0.810578398147&0.0042760677537
[[3, 4, 26], [3, 26, 4], [4, 3, 26], [4, 26, 3], [26, 3, 4], [26, 4, 3]]&0.816650478059&0.000590163717486
[[1, 9, 23], [1, 23, 9], [9, 1, 23], [9, 23, 1], [23, 1, 9], [23, 9, 1]]&0.821781788698&0.00199719513674
[[2, 5, 26], [2, 26, 5], [5, 2, 26], [5, 26, 2], [26, 2, 5], [26, 5, 2]]&0.83179800305&0.000597216257701
[[1, 8, 24], [1, 24, 8], [8, 1, 24], [8, 24, 1], [24, 1, 8], [24, 8, 1]]&0.834329144791&0.00132395574917
[[3, 3, 27], [3, 27, 3], [27, 3, 3]]&0.847378379049&0.000207714652923
[[1, 7, 25], [1, 25, 7], [7, 1, 25], [7, 25, 1], [25, 1, 7], [25, 7, 1]]&0.848079456875&0.000893670263741
[[2, 4, 27], [2, 27, 4], [4, 2, 27], [4, 27, 2], [27, 2, 4], [27, 4, 2]]&0.854981332839&0.000417538731322
[[1, 6, 26], [1, 26, 6], [6, 1, 26], [6, 26, 1], [26, 1, 6], [26, 6, 1]]&0.86288617802&0.000612112236335
[[1, 5, 27], [1, 27, 5], [5, 1, 27], [5, 27, 1], [27, 1, 5], [27, 5, 1]]&0.878602936521&0.000424103566606
[[2, 3, 28], [2, 28, 3], [3, 2, 28], [3, 28, 2], [28, 2, 3], [28, 3, 2]]&0.87899805903&0.000293847523748
[[1, 4, 28], [1, 28, 4], [4, 1, 28], [4, 28, 1], [28, 1, 4], [28, 4, 1]]&0.895093674111&0.000296442008301
[[2, 2, 29], [2, 29, 2], [29, 2, 2]]&0.903836253129&0.000103906692616
[[1, 3, 29], [1, 29, 3], [3, 1, 29], [3, 29, 1], [29, 1, 3], [29, 3, 1]]&0.912256071111&0.000208589399497
[[1, 2, 30], [1, 30, 2], [2, 1, 30], [2, 30, 1], [30, 1, 2], [30, 2, 1]]&0.930093091959&0.000147499283991
[[1, 1, 31], [1, 31, 1], [31, 1, 1]]&0.949045713807&5.23403804955e-05
