Candidates_of_the_same_steps, Hellinger Distance, Probabilities 
[[968, 34], [931, 71], [994, 8], [932, 70], [915, 87], [995, 7], [978, 24], [961, 41], [941, 61], [933, 69], [916, 86], [924, 78], [992, 10], [977, 25], [996, 6], [979, 23], [962, 40], [973, 29], [934, 68], [917, 85], [997, 5], [980, 22], [935, 67], [918, 84], [998, 4], [981, 21], [946, 56], [964, 38], [947, 55], [936, 66], [970, 32], [999, 3], [982, 20], [965, 37], [948, 54], [986, 16], [971, 31], [937, 65], [963, 39], [920, 82], [960, 42], [1000, 2], [983, 19], [966, 36], [949, 53], [938, 64], [921, 81], [925, 77], [1001, 1], [984, 18], [967, 35], [950, 52], [974, 28], [939, 63], [922, 80], [985, 17], [940, 62], [969, 33], [952, 50], [929, 73], [65, 937], [66, 936], [67, 935], [68, 934], [993, 9], [69, 933], [70, 932], [72, 930], [82, 920], [83, 919], [953, 49], [86, 916], [87, 915], [988, 14], [942, 60], [991, 11], [976, 26], [1, 1001], [943, 59], [919, 83], [926, 76], [951, 51], [989, 13], [959, 43], [955, 47], [975, 27], [944, 58], [927, 75], [954, 48], [958, 44], [71, 931], [990, 12], [956, 46], [987, 15], [972, 30], [957, 45], [73, 929], [945, 57], [928, 74], [923, 79], [74, 928], [2, 1000], [3, 999], [4, 998], [75, 927], [5, 997], [6, 996], [7, 995], [8, 994], [9, 993], [10, 992], [76, 926], [11, 991], [12, 990], [13, 989], [14, 988], [15, 987], [16, 986], [77, 925], [17, 985], [18, 984], [19, 983], [20, 982], [21, 981], [22, 980], [78, 924], [23, 979], [930, 72], [24, 978], [25, 977], [26, 976], [27, 975], [28, 974], [79, 923], [29, 973], [30, 972], [31, 971], [32, 970], [33, 969], [34, 968], [80, 922], [35, 967], [36, 966], [37, 965], [38, 964], [39, 963], [40, 962], [81, 921], [41, 961], [42, 960], [43, 959], [44, 958], [45, 957], [46, 956], [47, 955], [48, 954], [49, 953], [50, 952], [51, 951], [52, 950], [53, 949], [54, 948], [55, 947], [56, 946], [57, 945], [58, 944], [84, 918], [59, 943], [60, 942], [61, 941], [62, 940], [63, 939], [64, 938], [85, 917]]&1.0&2.22044604925e-16
[[90, 912], [909, 93], [912, 90], [96, 906], [97, 905], [907, 95], [914, 88], [905, 97], [910, 92], [906, 96], [908, 94], [88, 914], [89, 913], [91, 911], [92, 910], [93, 909], [94, 908], [95, 907], [913, 89], [911, 91]]&0.9999999&2.46368263747e-88
[[98, 904], [101, 901], [102, 900], [900, 102], [901, 101], [902, 100], [903, 99], [904, 98], [99, 903], [100, 902]]&0.9999998&2.77370066956e-87
[[899, 103], [103, 899], [104, 898], [105, 897], [106, 896], [897, 105], [898, 104], [896, 106]]&0.9999997&1.93060677218e-86
[[109, 893], [895, 107], [107, 895], [108, 894], [893, 109], [894, 108]]&0.9999996&7.77384848429e-86
[[891, 111], [110, 892], [111, 891], [892, 110]]&0.9999995&1.71942092517e-85
[[113, 889], [889, 113], [890, 112], [112, 890]]&0.9999994&4.67387065637e-85
[[114, 888], [888, 114]]&0.9999993&4.79661556477e-85
[[886, 116], [887, 115], [115, 887], [116, 886]]&0.9999992&2.09468350368e-84
[[885, 117], [117, 885]]&0.9999991&2.14969395512e-84
[[884, 118], [118, 884]]&0.999999&3.54424614931e-84
[[119, 883], [883, 119]]&0.9999989&5.84347401496e-84
[[120, 882], [882, 120]]&0.9999988&9.63425990325e-84
[[121, 881], [881, 121]]&0.9999987&1.58842092299e-83
[[122, 880], [880, 122]]&0.9999986&2.61886336256e-83
[[123, 879], [879, 123]]&0.9999985&4.31777573092e-83
[[124, 878], [878, 124]]&0.9999983&7.11880868968e-83
[[125, 877], [877, 125]]&0.9999982&1.17369313087e-82
[[876, 126], [126, 876]]&0.999998&1.93509283014e-82
[[875, 127], [127, 875]]&0.9999979&3.19042870983e-82
[[874, 128], [128, 874]]&0.9999977&5.26012767656e-82
[[873, 129], [129, 873]]&0.9999975&8.67248438694e-82
[[872, 130], [130, 872]]&0.9999973&1.42985094786e-81
[[131, 871], [871, 131]]&0.999997&2.35742567166e-81
[[870, 132], [132, 870]]&0.9999968&3.88673784896e-81
[[869, 133], [133, 869]]&0.9999965&6.40814736522e-81
[[868, 134], [134, 868]]&0.9999962&1.05652488668e-80
[[867, 135], [135, 867]]&0.9999959&1.7419150537e-80
[[866, 136], [136, 866]]&0.9999956&2.87193240078e-80
[[137, 865], [865, 137]]&0.9999952&4.73501603718e-80
[[138, 864], [864, 138]]&0.9999948&7.80672165761e-80
[[863, 139], [139, 863]]&0.9999944&1.28711080513e-79
[[140, 862], [862, 140]]&0.9999939&2.12208696217e-79
[[861, 141], [141, 861]]&0.9999935&3.49872991281e-79
[[142, 860], [860, 142]]&0.9999929&5.76843042768e-79
[[859, 143], [143, 859]]&0.9999924&9.51053394467e-79
[[858, 144], [144, 858]]&0.9999918&1.56802196103e-78
[[857, 145], [145, 857]]&0.9999911&2.58523116007e-78
[[856, 146], [146, 856]]&0.9999905&4.26232560329e-78
[[855, 147], [147, 855]]&0.9999897&7.02738688479e-78
[[854, 148], [148, 854]]&0.9999889&1.15862022344e-77
[[149, 853], [853, 149]]&0.9999881&1.91024180705e-77
[[150, 852], [852, 150]]&0.9999872&3.14945629946e-77
[[151, 851], [851, 151]]&0.9999862&5.19257559206e-77
[[152, 850], [850, 152]]&0.9999852&8.56110982835e-77
[[849, 153], [153, 849]]&0.9999841&1.41148838748e-76
[[154, 848], [848, 154]]&0.9999829&2.32715092779e-76
[[155, 847], [847, 155]]&0.9999817&3.83682323477e-76
[[156, 846], [846, 156]]&0.9999803&6.32585207908e-76
[[157, 845], [845, 157]]&0.9999789&1.04295668781e-75
[[158, 844], [844, 158]]&0.9999773&1.71954487561e-75
[[843, 159], [159, 843]]&0.9999757&2.83505021234e-75
[[842, 160], [160, 842]]&0.999974&4.67420758859e-75
[[841, 161], [161, 841]]&0.9999721&7.70646547497e-75
[[162, 840], [840, 162]]&0.9999701&1.27058135505e-74
[[163, 839], [839, 163]]&0.999968&2.09483450623e-74
[[838, 164], [164, 838]]&0.9999658&3.45379820901e-74
[[837, 165], [165, 837]]&0.9999634&5.6943505719e-74
[[836, 166], [166, 836]]&0.9999609&9.38839691072e-74
[[835, 167], [167, 835]]&0.9999582&1.54788496845e-73
[[834, 168], [168, 834]]&0.9999553&2.55203087208e-73
[[169, 833], [833, 169]]&0.9999523&4.20758758228e-73
[[170, 832], [832, 170]]&0.9999491&6.93713914523e-73
[[171, 831], [831, 171]]&0.9999456&1.14374088666e-72
[[172, 830], [830, 172]]&0.999942&1.885709928e-72
[[173, 829], [829, 173]]&0.9999381&3.10901006866e-72
[[174, 828], [828, 174]]&0.999934&5.12589103102e-72
[[175, 827], [827, 175]]&0.9999297&8.45116557414e-72
[[826, 176], [176, 826]]&0.9999251&1.39336164443e-71
[[825, 177], [177, 825]]&0.9999202&2.29726498095e-71
[[824, 178], [178, 824]]&0.999915&3.78754963852e-71
[[179, 823], [823, 179]]&0.9999095&6.24461365287e-71
[[822, 180], [180, 822]]&0.9999037&1.02956273568e-70
[[821, 181], [181, 821]]&0.9998976&1.69746198183e-70
[[820, 182], [182, 820]]&0.9998911&2.79864167565e-70
[[819, 183], [183, 819]]&0.9998842&4.61418005972e-70
[[818, 184], [184, 818]]&0.999877&7.6074968113e-70
[[817, 185], [185, 817]]&0.9998693&1.25426418096e-69
[[816, 186], [186, 816]]&0.9998612&2.06793203422e-69
[[815, 187], [187, 815]]&0.9998526&3.40944353118e-69
[[814, 188], [188, 814]]&0.9998436&5.62122207111e-69
[[189, 813], [813, 189]]&0.9998341&9.26782839597e-69
[[190, 812], [812, 190]]&0.999824&1.52800658096e-68
[[191, 811], [811, 191]]&0.9998134&2.5192569518e-68
[[192, 810], [810, 192]]&0.9998022&4.1535525228e-68
[[193, 809], [809, 193]]&0.9997903&6.84805039331e-68
[[194, 808], [808, 194]]&0.9997779&1.12905263463e-67
[[195, 807], [807, 195]]&0.9997648&1.86149309445e-67
[[196, 806], [806, 196]]&0.999751&3.06908326008e-67
[[805, 197], [197, 805]]&0.9997364&5.06006285244e-67
[[804, 198], [198, 804]]&0.9997211&8.34263325591e-67
[[803, 199], [199, 803]]&0.999705&1.37546769027e-66
[[200, 802], [802, 200]]&0.999688&2.2677628381e-66
[[801, 201], [201, 801]]&0.9996702&3.73890882808e-66
[[800, 202], [202, 800]]&0.9996515&6.16441851407e-66
[[799, 203], [203, 799]]&0.9996317&1.01634079256e-65
[[798, 204], [204, 798]]&0.999611&1.67566268298e-65
[[205, 797], [797, 205]]&0.9995893&2.76270070795e-65
[[206, 796], [796, 206]]&0.9995664&4.55492342177e-65
[[207, 795], [795, 207]]&0.9995424&7.50979913189e-65
[[208, 794], [794, 208]]&0.9995173&1.23815655674e-64
[[209, 793], [793, 209]]&0.9994908&2.04137505156e-64
[[210, 792], [792, 210]]&0.9994631&3.36565846898e-64
[[211, 791], [791, 211]]&0.999434&5.54903270772e-64
[[212, 790], [790, 212]]&0.9994036&9.14880825703e-64
[[213, 789], [789, 213]]&0.9993716&1.50838347749e-63
[[788, 214], [214, 788]]&0.9993381&2.48690392372e-63
[[787, 215], [215, 787]]&0.999303&4.10021139722e-63
[[216, 786], [786, 216]]&0.9992663&6.76010574496e-63
[[785, 217], [217, 785]]&0.9992278&1.11455301339e-62
[[784, 218], [218, 784]]&0.9991876&1.8375872605e-62
[[783, 219], [219, 783]]&0.9991454&3.02966920315e-62
[[220, 782], [782, 220]]&0.9991014&4.99508005842e-62
[[781, 221], [221, 781]]&0.9990553&8.23549474117e-62
[[780, 222], [222, 780]]&0.999007&1.35780353545e-61
[[223, 779], [779, 223]]&0.9989566&2.23863957033e-61
[[224, 778], [778, 224]]&0.998904&3.69089267703e-61
[[225, 777], [777, 225]]&0.998849&6.08525326449e-61
[[226, 776], [776, 226]]&0.9987915&1.00328864948e-60
[[227, 775], [775, 227]]&0.9987314&1.65414333704e-60
[[774, 228], [228, 774]]&0.9986688&2.72722130457e-60
[[229, 773], [773, 229]]&0.9986034&4.49642777475e-60
[[230, 772], [772, 230]]&0.9985351&7.4133561144e-60
[[771, 231], [231, 771]]&0.9984639&1.22225579131e-59
[[770, 232], [232, 770]]&0.9983897&2.01515912137e-59
[[769, 233], [233, 769]]&0.9983122&3.32243570724e-59
[[234, 768], [768, 234]]&0.9982315&5.47777042107e-59
[[235, 767], [767, 235]]&0.9981474&9.03131660923e-59
[[766, 236], [236, 766]]&0.9980598&1.48901237961e-58
[[765, 237], [237, 765]]&0.9979685&2.45496638259e-58
[[764, 238], [238, 764]]&0.9978734&4.04755529383e-58
[[763, 239], [239, 763]]&0.9977745&6.67329050728e-58
[[240, 762], [762, 240]]&0.9976714&1.10023960049e-57
[[241, 761], [761, 241]]&0.9975642&1.8139884322e-57
[[242, 760], [760, 242]]&0.9974527&2.99076131297e-57
[[243, 759], [759, 243]]&0.9973367&4.93093179227e-57
[[244, 758], [758, 244]]&0.9972161&8.12973213029e-57
[[245, 757], [757, 245]]&0.9970907&1.34036622883e-56
[[246, 756], [756, 246]]&0.9969603&2.209890312e-56
[[247, 755], [755, 247]]&0.9968249&3.64349316331e-56
[[248, 754], [754, 248]]&0.9966842&6.007104678e-56
[[753, 249], [249, 753]]&0.9965381&9.90404125794e-56
[[250, 752], [752, 250]]&0.9963863&1.63290034879e-55
[[251, 751], [751, 251]]&0.9962288&2.69219753798e-55
[[252, 750], [750, 252]]&0.9960653&4.43868334579e-55
[[253, 749], [749, 253]]&0.9958956&7.31815164611e-55
[[254, 748], [748, 254]]&0.9957196&1.20655922811e-54
[[255, 747], [747, 255]]&0.9955371&1.98927986375e-54
[[256, 746], [746, 256]]&0.9953478&3.27976802474e-54
[[257, 745], [745, 257]]&0.9951515&5.40742330536e-54
[[258, 744], [744, 258]]&0.9949481&8.91533382322e-54
[[259, 743], [743, 259]]&0.9947374&1.46989005097e-53
[[260, 742], [742, 260]]&0.994519&2.42343899263e-53
[[261, 741], [741, 261]]&0.9942928&3.99557541539e-53
[[262, 740], [740, 262]]&0.9940586&6.58759017605e-53
[[263, 739], [739, 263]]&0.9938162&1.08611000459e-52
[[264, 738], [738, 264]]&0.9935652&1.79069266689e-52
[[265, 737], [737, 265]]&0.9933055&2.95235308919e-52
[[266, 736], [736, 266]]&0.9930368&4.86760733676e-52
[[267, 735], [735, 267]]&0.9927588&8.02532775353e-52
[[268, 734], [734, 268]]&0.9924714&1.32315285716e-51
[[269, 733], [733, 269]]&0.9921742&2.18151025998e-51
[[270, 732], [732, 270]]&0.991867&3.59670236789e-51
[[271, 731], [731, 271]]&0.9915495&5.92995969831e-51
[[272, 730], [730, 272]]&0.9912214&9.776850689e-51
[[273, 729], [729, 273]]&0.9908825&1.61193016914e-50
[[274, 728], [728, 274]]&0.9905324&2.65762355675e-50
[[275, 727], [727, 275]]&0.9901709&4.38168048752e-50
[[726, 276], [276, 726]]&0.9897978&7.22416982119e-50
[[277, 725], [725, 277]]&0.9894126&1.19106424473e-49
[[278, 724], [724, 278]]&0.9890151&1.96373295506e-49
[[279, 723], [723, 279]]&0.988605&3.23764829299e-49
[[280, 722], [722, 280]]&0.988182&5.3379796077e-49
[[281, 721], [721, 281]]&0.9877457&8.80084052178e-49
[[282, 720], [720, 282]]&0.9872958&1.45101329683e-48
[[283, 719], [719, 283]]&0.9868321&2.39231648655e-48
[[718, 284], [284, 718]]&0.9863541&3.94426307762e-48
[[285, 717], [717, 285]]&0.9858615&6.50299043331e-48
[[286, 716], [716, 286]]&0.9853541&1.07216186506e-47
[[715, 287], [287, 715]]&0.9848314&1.76769607255e-47
[[288, 714], [714, 288]]&0.9842931&2.91443811495e-47
[[289, 713], [713, 289]]&0.9837388&4.80509611226e-47
[[712, 290], [290, 712]]&0.9831683&7.92226416804e-47
[[711, 291], [291, 711]]&0.982581&1.30616054459e-46
[[710, 292], [292, 710]]&0.9819767&2.15349467282e-46
[[709, 293], [293, 709]]&0.981355&3.55051247342e-46
[[708, 294], [294, 708]]&0.9807155&5.85380543682e-46
[[707, 295], [295, 707]]&0.9800578&9.65129353822e-46
[[706, 296], [296, 706]]&0.9793815&1.59122929462e-45
[[705, 297], [297, 705]]&0.9786864&2.62349358461e-45
[[704, 298], [298, 704]]&0.9779718&4.32540967649e-45
[[703, 299], [299, 703]]&0.9772375&7.13139493812e-45
[[702, 300], [300, 702]]&0.9764831&1.17576825242e-44
[[701, 301], [301, 701]]&0.9757082&1.93851412718e-44
[[700, 302], [302, 700]]&0.9749123&3.19606947504e-44
[[699, 303], [303, 699]]&0.974095&5.26942772614e-44
[[304, 698], [698, 304]]&0.9732559&8.6878175765e-44
[[697, 305], [305, 697]]&0.9723947&1.43237896343e-43
[[696, 306], [306, 696]]&0.9715108&2.36159366472e-43
[[695, 307], [307, 695]]&0.9706039&3.89360970777e-43
[[694, 308], [308, 694]]&0.9696735&6.419477145e-43
[[309, 693], [693, 309]]&0.9687192&1.05839285157e-42
[[310, 692], [692, 310]]&0.9677406&1.74499480715e-42
[[311, 691], [691, 311]]&0.9667371&2.8770100558e-42
[[312, 690], [690, 312]]&0.9657085&4.74338767502e-42
[[313, 689], [689, 313]]&0.9646542&7.82052415499e-42
[[688, 314], [314, 688]]&0.9635738&1.28938645224e-41
[[687, 315], [315, 687]]&0.9624669&2.12583886995e-41
[[686, 316], [316, 686]]&0.9613329&3.50491576297e-41
[[317, 685], [685, 317]]&0.9601715&5.77862917042e-41
[[318, 684], [684, 318]]&0.9589822&9.52734882877e-41
[[319, 683], [683, 319]]&0.9577646&1.57079426674e-40
[[320, 682], [682, 320]]&0.9565181&2.58980191946e-40
[[321, 681], [681, 321]]&0.9552423&4.26986151152e-40
[[680, 322], [322, 680]]&0.9539368&7.03981149698e-40
[[679, 323], [323, 679]]&0.9526012&1.16066869568e-39
[[324, 678], [678, 324]]&0.9512348&1.9136191668e-39
[[325, 677], [677, 325]]&0.9498373&3.15502462433e-39
[[676, 326], [326, 676]]&0.9484083&5.20175620771e-39
[[327, 675], [675, 327]]&0.9469472&8.57624610465e-39
[[328, 674], [674, 328]]&0.9454536&1.41398393755e-38
[[329, 673], [673, 329]]&0.943927&2.33126539427e-38
[[330, 672], [672, 330]]&0.942367&3.84360684317e-38
[[331, 671], [671, 331]]&0.9407731&6.33703635855e-38
[[332, 670], [670, 332]]&0.9391448&1.04480066375e-37
[[333, 669], [669, 333]]&0.9374816&1.72258507797e-37
[[334, 668], [668, 334]]&0.9357832&2.84006265864e-37
[[335, 667], [667, 335]]&0.934049&4.68247171543e-37
[[336, 666], [666, 336]]&0.9322786&7.72009071668e-37
[[337, 665], [665, 337]]&0.9304715&1.27282777763e-36
[[338, 664], [664, 338]]&0.9286273&2.09853823092e-36
[[663, 339], [339, 663]]&0.9267455&3.4599046187e-36
[[340, 662], [662, 340]]&0.9248256&5.70441833944e-36
[[341, 661], [661, 341]]&0.9228672&9.4049958532e-36
[[342, 660], [660, 342]]&0.9208699&1.5506216714e-35
[[659, 343], [343, 659]]&0.9188331&2.55654293245e-35
[[344, 658], [658, 344]]&0.9167565&4.21502671219e-35
[[345, 657], [657, 345]]&0.9146396&6.94940419695e-35
[[346, 656], [656, 346]]&0.912482&1.14576305182e-34
[[347, 655], [655, 347]]&0.9102831&1.88904391472e-34
[[348, 654], [654, 348]]&0.9080427&3.11450688348e-34
[[349, 653], [653, 349]]&0.9057602&5.13495374654e-34
[[350, 652], [652, 350]]&0.9034352&8.46610746598e-34
[[351, 651], [651, 351]]&0.9010673&1.39582514592e-33
[[352, 650], [650, 352]]&0.8986561&2.30132660826e-33
[[353, 649], [649, 353]]&0.8962012&3.79424612986e-33
[[354, 648], [648, 354]]&0.8937021&6.25565430057e-33
[[647, 355], [355, 647]]&0.8911584&1.03138303075e-32
[[646, 356], [356, 646]]&0.8885698&1.70046314104e-32
[[645, 357], [357, 645]]&0.8859358&2.80358975067e-32
[[358, 644], [644, 358]]&0.883256&4.62233805625e-32
[[359, 643], [643, 359]]&0.8805301&7.6209470737e-32
[[642, 360], [360, 642]]&0.8777577&1.25648175433e-31
[[361, 641], [641, 361]]&0.8749384&2.07158819461e-31
[[362, 640], [640, 362]]&0.8720718&3.41547152058e-31
[[363, 639], [639, 363]]&0.8691576&5.63116054545e-31
[[364, 638], [638, 364]]&0.8661953&9.28421417002e-31
[[365, 637], [637, 365]]&0.8631847&1.53070813838e-30
[[366, 636], [636, 366]]&0.8601254&2.52371106699e-30
[[367, 635], [635, 367]]&0.8570171&4.16089611724e-30
[[368, 634], [634, 368]]&0.8538594&6.86015793367e-30
[[369, 633], [633, 369]]&0.850652&1.13104883056e-29
[[370, 632], [632, 370]]&0.8473946&1.86478426515e-29
[[631, 371], [371, 631]]&0.8440869&3.07450948321e-29
[[372, 630], [630, 372]]&0.8407286&5.06900918194e-29
[[629, 373], [373, 629]]&0.8373194&8.35738325965e-29
[[628, 374], [374, 628]]&0.8338589&1.37789955476e-28
[[627, 375], [375, 627]]&0.830347&2.27177230482e-28
[[626, 376], [376, 626]]&0.8267833&3.74551932114e-28
[[625, 377], [377, 625]]&0.8231676&6.17531737458e-28
[[624, 378], [378, 624]]&0.8194996&1.01813771088e-27
[[623, 379], [379, 623]]&0.8157792&1.67862530043e-27
[[622, 380], [380, 622]]&0.812006&2.76758523835e-27
[[621, 381], [381, 621]]&0.8081798&4.56297665095e-27
[[620, 382], [382, 620]]&0.8043005&7.52307666212e-27
[[619, 383], [383, 619]]&0.8003677&1.2403456514e-26
[[618, 384], [384, 618]]&0.7963814&2.04498425848e-26
[[617, 385], [385, 617]]&0.7923413&3.3716090452e-26
[[616, 386], [386, 616]]&0.7882472&5.5588435493e-26
[[615, 387], [387, 615]]&0.7840991&9.16498360022e-26
[[614, 388], [388, 614]]&0.7798966&1.51105034073e-25
[[613, 389], [389, 613]]&0.7756398&2.49130083786e-25
[[612, 390], [390, 612]]&0.7713283&4.10746068309e-25
[[611, 391], [391, 611]]&0.7669622&6.77205779678e-25
[[610, 392], [392, 610]]&0.7625413&1.1165235736e-24
[[609, 393], [393, 609]]&0.7580655&1.84083616503e-24
[[608, 394], [394, 608]]&0.7535347&3.03502574115e-24
[[607, 395], [395, 607]]&0.7489489&5.00391149656e-24
[[606, 396], [396, 606]]&0.7443078&8.25005532108e-24
[[605, 397], [397, 605]]&0.7396116&1.36020416923e-23
[[604, 398], [398, 604]]&0.7348601&2.24259754631e-23
[[603, 399], [399, 603]]&0.7300534&3.69741827622e-23
[[602, 400], [400, 602]]&0.7251913&6.09601215868e-23
[[601, 401], [401, 601]]&0.7202739&1.00506249125e-22
[[600, 402], [402, 600]]&0.7153011&1.6570679077e-22
[[599, 403], [403, 599]]&0.710273&2.73204310642e-22
[[598, 404], [404, 598]]&0.7051897&4.50437758202e-22
[[597, 405], [405, 597]]&0.7000511&7.42646313075e-22
[[596, 406], [406, 596]]&0.6948572&1.22441677297e-21
[[595, 407], [407, 595]]&0.6896082&2.0187219778e-21
[[594, 408], [408, 594]]&0.6843041&3.32830986443e-21
[[593, 409], [409, 593]]&0.678945&5.48745526897e-21
[[592, 410], [410, 592]]&0.673531&9.04728422397e-21
[[591, 411], [411, 591]]&0.6680622&1.49164499421e-20
[[590, 412], [412, 590]]&0.6625387&2.45930683029e-20
[[589, 413], [413, 589]]&0.6569607&4.05471148228e-20
[[588, 414], [414, 588]]&0.6513282&6.68508906739e-20
[[587, 415], [415, 587]]&0.6456416&1.10218485419e-19
[[586, 416], [416, 586]]&0.6399008&1.81719561335e-19
[[585, 417], [417, 585]]&0.6341061&2.99604906076e-19
[[584, 418], [418, 584]]&0.6282578&4.93964981453e-19
[[583, 419], [419, 583]]&0.6223559&8.14410571902e-19
[[582, 420], [420, 582]]&0.6164008&1.34273603298e-18
[[581, 421], [421, 581]]&0.6103926&2.21379745851e-18
[[422, 580], [580, 422]]&0.6043317&3.64993495886e-18
[[423, 579], [579, 423]]&0.5982182&6.01772540335e-18
[[578, 424], [424, 578]]&0.5920525&9.92155187373e-18
[[577, 425], [425, 577]]&0.5858348&1.63578736126e-17
[[576, 426], [426, 576]]&0.5795654&2.69695741685e-17
[[575, 427], [427, 575]]&0.5732446&4.44653105933e-17
[[574, 428], [428, 574]]&0.5668728&7.33109033835e-17
[[573, 429], [429, 573]]&0.5604502&1.20869245783e-16
[[572, 430], [430, 572]]&0.5539773&1.99279696495e-16
[[571, 431], [431, 571]]&0.5474544&3.2855667443e-16
[[570, 432], [432, 570]]&0.5408819&5.41698377764e-16
[[569, 433], [433, 569]]&0.53426&8.93109637723e-16
[[434, 568], [568, 434]]&0.5275894&1.47248885678e-15
[[435, 567], [567, 435]]&0.5208702&2.42772369904e-15
[[436, 566], [566, 436]]&0.5141031&4.002639702e-15
[[437, 565], [565, 437]]&0.5072883&6.59923721563e-15
[[438, 564], [564, 438]]&0.5004264&1.08803027678e-14
[[439, 563], [563, 439]]&0.4935178&1.79385866049e-14
[[562, 440], [440, 562]]&0.4865629&2.95757293019e-14
[[561, 441], [441, 561]]&0.4795623&4.87621339964e-14
[[560, 442], [442, 560]]&0.4725165&8.03951675246e-14
[[443, 559], [559, 443]]&0.4654259&1.32549222759e-13
[[444, 558], [558, 444]]&0.458291&2.18536722978e-13
[[557, 445], [445, 557]]&0.4511125&3.60306143603e-13
[[446, 556], [556, 446]]&0.4438907&5.94044402923e-13
[[447, 555], [555, 447]]&0.4366263&9.79413642839e-13
[[448, 554], [554, 448]]&0.4293199&1.61478010576e-12
[[449, 553], [553, 449]]&0.421972&2.66232230787e-12
[[450, 552], [552, 450]]&0.4145831&4.38942741845e-12
[[451, 551], [551, 451]]&0.4071539&7.23694235099e-12
[[550, 452], [452, 550]]&0.399685&1.19317007889e-11
[[549, 453], [453, 549]]&0.392177&1.96720488863e-11
[[454, 548], [548, 454]]&0.3846305&3.24337254371e-11
[[547, 455], [455, 547]]&0.3770462&5.34741730162e-11
[[546, 456], [456, 546]]&0.3694247&8.81640064849e-11
[[545, 457], [457, 545]]&0.3617666&1.45357872802e-10
[[544, 458], [458, 544]]&0.3540726&2.39654616752e-10
[[543, 459], [459, 543]]&0.3463434&3.95123664261e-10
[[460, 542], [542, 460]]&0.3385797&6.51448789824e-10
[[461, 541], [541, 461]]&0.3307821&1.07405747655e-09
[[540, 462], [462, 540]]&0.3229514&1.77082140755e-09
[[463, 539], [539, 463]]&0.3150883&2.91959092124e-09
[[464, 538], [538, 464]]&0.3071934&4.81359165359e-09
[[465, 537], [537, 465]]&0.2992676&7.93627094773e-09
[[536, 466], [466, 536]]&0.2913115&1.30846987216e-08
[[467, 535], [535, 467]]&0.2833259&2.1573021103e-08
[[468, 534], [534, 468]]&0.2753115&3.55678987657e-08
[[533, 469], [469, 533]]&0.2672692&5.86415512491e-08
[[470, 532], [532, 470]]&0.2591996&9.66835728913e-08
[[531, 471], [471, 531]]&0.2511035&1.59404263153e-07
[[530, 472], [472, 530]]&0.2429818&2.62813199301e-07
[[529, 473], [473, 529]]&0.2348352&4.33305711908e-07
[[528, 474], [474, 528]]&0.2266645&7.14400343939e-07
[[527, 475], [475, 527]]&0.2184705&1.17784704285e-06
[[526, 476], [476, 526]]&0.210254&1.94194147317e-06
[[477, 525], [525, 477]]&0.2020158&3.20172021328e-06
[[478, 524], [524, 478]]&0.1937568&5.27874421846e-06
[[523, 479], [479, 523]]&0.1854778&8.70317787556e-06
[[480, 522], [522, 480]]&0.1771796&1.43491144861e-05
[[481, 521], [521, 481]]&0.168863&2.3657690269e-05
[[482, 520], [520, 482]]&0.1605289&3.90049371621e-05
[[519, 483], [483, 519]]&0.1521781&6.43082695615e-05
[[484, 518], [518, 484]]&0.1438115&0.000106026411908
[[485, 517], [517, 485]]&0.1354299&0.000174808000569
[[516, 486], [486, 516]]&0.1270342&0.000288209668826
[[515, 487], [487, 515]]&0.1186253&0.000475177411415
[[488, 514], [514, 488]]&0.110204&0.000783435105556
[[513, 489], [489, 513]]&0.1017712&0.00129166612274
[[490, 512], [512, 490]]&0.0933277&0.00212959741121
[[511, 491], [491, 511]]&0.0848745&0.00351111254989
[[510, 492], [492, 510]]&0.0764124&0.00578884594482
[[509, 493], [493, 509]]&0.0679424&0.00954419344204
[[494, 508], [508, 494]]&0.0594652&0.0157357147396
[[507, 495], [495, 507]]&0.0509817&0.0259438076008
[[506, 496], [496, 506]]&0.0424929&0.0427741074344
[[497, 505], [505, 497]]&0.0339997&0.0705225807623
[[498, 504], [504, 498]]&0.0255029&0.116272078967
[[499, 503], [503, 499]]&0.0170034&0.191700249782
[[500, 502], [502, 500]]&0.0085022&0.316060279414
[[501, 501]]&0.0&0.196734670144
