Candidates_of_the_same_steps, Hellinger Distance, Probabilities 
[[16, 1, 1], [1, 1, 16], [1, 16, 1]]&0.845362&0.300348359186
[[15, 1, 2], [15, 2, 1], [1, 15, 2], [1, 2, 15], [2, 1, 15], [2, 15, 1]]&0.791268&0.00515921419302
[[14, 1, 3], [14, 3, 1], [1, 14, 3], [1, 3, 14], [3, 1, 14], [3, 14, 1]]&0.745713&0.00760655425996
[[14, 2, 2], [2, 2, 14], [2, 14, 2]]&0.715342&0.00374569176564
[[13, 1, 4], [13, 4, 1], [1, 13, 4], [1, 4, 13], [4, 1, 13], [4, 13, 1]]&0.706974&0.0114071481145
[[12, 1, 5], [12, 5, 1], [1, 12, 5], [1, 5, 12], [5, 1, 12], [5, 12, 1]]&0.675048&0.0174612901154
[[6, 11, 1], [11, 1, 6], [11, 6, 1], [1, 6, 11], [1, 11, 6], [6, 1, 11]]&0.650385&0.0201794173929
[[13, 2, 3], [13, 3, 2], [2, 3, 13], [2, 13, 3], [3, 2, 13], [3, 13, 2]]&0.649945&0.0110220924658
[[7, 1, 10], [7, 10, 1], [10, 1, 7], [10, 7, 1], [1, 7, 10], [1, 10, 7]]&0.633537&0.0179686581459
[[8, 1, 9], [8, 9, 1], [9, 1, 8], [9, 8, 1], [1, 8, 9], [1, 9, 8]]&0.624978&0.016921968373
[[12, 2, 4], [12, 4, 2], [2, 4, 12], [2, 12, 4], [4, 2, 12], [4, 12, 2]]&0.593263&0.0164869821719
[[12, 3, 3], [3, 3, 12], [3, 12, 3]]&0.565426&0.00808695783647
[[11, 2, 5], [11, 5, 2], [2, 5, 11], [2, 11, 5], [5, 2, 11], [5, 11, 2]]&0.546106&0.0251605399203
[[6, 10, 2], [10, 2, 6], [10, 6, 2], [2, 6, 10], [2, 10, 6], [6, 2, 10]]&0.510198&0.0292670586207
[[11, 3, 4], [11, 4, 3], [3, 4, 11], [3, 11, 4], [4, 3, 11], [4, 11, 3]]&0.490331&0.0241138501474
[[7, 2, 9], [7, 9, 2], [9, 2, 7], [9, 7, 2], [2, 7, 9], [2, 9, 7]]&0.487542&0.0266186150425
[[8, 2, 8], [8, 8, 2], [2, 8, 8]]&0.479776&0.0128838060337
[[10, 3, 5], [10, 5, 3], [3, 5, 10], [3, 10, 5], [5, 3, 10], [5, 10, 3]]&0.426742&0.0366556946066
[[10, 4, 4], [4, 4, 10], [4, 10, 4]]&0.395864&0.0179023458157
[[6, 9, 3], [9, 3, 6], [9, 6, 3], [3, 6, 9], [3, 9, 6], [6, 3, 9]]&0.379027&0.0429965734059
[[7, 3, 8], [7, 8, 3], [8, 3, 7], [8, 7, 3], [3, 7, 8], [3, 8, 7]]&0.352916&0.0401513756162
[[9, 4, 5], [9, 5, 4], [4, 5, 9], [4, 9, 5], [5, 4, 9], [5, 9, 4]]&0.313099&0.0541592485674
[[6, 8, 4], [8, 4, 6], [8, 6, 4], [4, 6, 8], [4, 8, 6], [6, 4, 8]]&0.251362&0.0641963281315
[[7, 4, 7], [7, 7, 4], [4, 7, 7]]&0.227201&0.0309415311041
[[8, 5, 5], [5, 5, 8], [5, 8, 5]]&0.207329&0.040716311874
[[6, 5, 7], [6, 7, 5], [7, 5, 6], [7, 6, 5], [5, 6, 7], [5, 7, 6]]&0.12534&0.0977537626226
[[6, 6, 6]]&0.0&0.0200886244713
